1 -4 -3.4641 8
2 -4 -3.23316 4
3 -4 -3.00222 4
4 -4 -2.77128 4
5 -4 -2.54034 4
6 -4 -2.3094 4
7 -4 -2.07846 4
8 -4 -1.84752 4
9 -4 -1.61658 4
10 -4 -1.38564 4
11 -4 -1.1547 4
12 -4 -0.923761 4
13 -4 -0.69282 4
14 -4 -0.46188 4
15 -4 -0.23094 4
16 -4 0 4
17 -4 0.23094 4
18 -4 0.46188 4
19 -4 0.69282 4
20 -4 0.923761 4
21 -4 1.1547 4
22 -4 1.38564 4
23 -4 1.61658 4
24 -4 1.84752 4
25 -4 2.07846 4
26 -4 2.3094 4
27 -4 2.54034 4
28 -4 2.77128 4
29 -4 3.00222 4
30 -4 3.23316 4
31 -4 3.4641 11
32 -3.73333 -3.4641 5
33 -3.73333 -3.23316 2
34 -3.73333 -3.00222 2
35 -3.73333 -2.77128 2
36 -3.73333 -2.54034 2
37 -3.73333 -2.3094 2
38 -3.73333 -2.07846 2
39 -3.73333 -1.84752 2
40 -3.73333 -1.61658 2
41 -3.73333 -1.38564 2
42 -3.73333 -1.1547 2
43 -3.73333 -0.923761 2
44 -3.73333 -0.69282 2
45 -3.73333 -0.46188 3
46 -3.73333 -0.23094 1
47 -3.73333 0 1
48 -3.73333 0.23094 1
49 -3.73333 0.46188 3
50 -3.73333 0.69282 2
51 -3.73333 0.923761 2
52 -3.73333 1.1547 2
53 -3.73333 1.38564 2
54 -3.73333 1.61658 2
55 -3.73333 1.84752 2
56 -3.73333 2.07846 2
57 -3.73333 2.3094 2
58 -3.73333 2.54034 2
59 -3.73333 2.77128 2
60 -3.73333 3.00222 2
61 -3.73333 3.23316 2
62 -3.73333 3.4641 7
63 -3.46667 -3.4641 5
64 -3.46667 -3.23316 2
65 -3.46667 -3.00222 2
66 -3.46667 -2.77128 2
67 -3.46667 -2.54034 2
68 -3.46667 -2.3094 2
69 -3.46667 -2.07846 2
70 -3.46667 -1.84752 2
71 -3.46667 -1.61658 2
72 -3.46667 -1.38564 2
73 -3.46667 -1.1547 2
74 -3.46667 -0.923761 3
75 -3.46667 -0.69282 1
76 -3.46667 -0.46188 1
77 -3.46667 -0.23094 1
78 -3.46667 0 1
79 -3.46667 0.23094 1
80 -3.46667 0.46188 1
81 -3.46667 0.69282 1
82 -3.46667 0.923761 3
83 -3.46667 1.1547 2
84 -3.46667 1.38564 2
85 -3.46667 1.61658 2
86 -3.46667 1.84752 2
87 -3.46667 2.07846 2
88 -3.46667 2.3094 2
89 -3.46667 2.54034 2
90 -3.46667 2.77128 2
91 -3.46667 3.00222 2
92 -3.46667 3.23316 2
93 -3.46667 3.4641 7
94 -3.2 -3.4641 5
95 -3.2 -3.23316 2
96 -3.2 -3.00222 2
97 -3.2 -2.77128 2
98 -3.2 -2.54034 2
99 -3.2 -2.3094 2
100 -3.2 -2.07846 2
101 -3.2 -1.84752 2
102 -3.2 -1.61658 2
103 -3.2 -1.38564 3
104 -3.2 -1.1547 1
105 -3.2 -0.923761 1
106 -3.2 -0.69282 1
107 -3.2 -0.46188 1
108 -3.2 -0.23094 1
109 -3.2 0 1
110 -3.2 0.23094 1
111 -3.2 0.46188 1
112 -3.2 0.69282 1
113 -3.2 0.923761 1
114 -3.2 1.1547 1
115 -3.2 1.38564 3
116 -3.2 1.61658 2
117 -3.2 1.84752 2
118 -3.2 2.07846 2
119 -3.2 2.3094 2
120 -3.2 2.54034 2
121 -3.2 2.77128 2
122 -3.2 3.00222 2
123 -3.2 3.23316 2
124 -3.2 3.4641 7
125 -2.93333 -3.4641 5
126 -2.93333 -3.23316 2
127 -2.93333 -3.00222 2
128 -2.93333 -2.77128 2
129 -2.93333 -2.54034 2
130 -2.93333 -2.3094 2
131 -2.93333 -2.07846 2
132 -2.93333 -1.84752 3
133 -2.93333 -1.61658 1
134 -2.93333 -1.38564 1
135 -2.93333 -1.1547 1
136 -2.93333 -0.923761 1
137 -2.93333 -0.69282 1
138 -2.93333 -0.46188 1
139 -2.93333 -0.23094 1
140 -2.93333 0 1
141 -2.93333 0.23094 1
142 -2.93333 0.46188 1
143 -2.93333 0.69282 1
144 -2.93333 0.923761 1
145 -2.93333 1.1547 1
146 -2.93333 1.38564 1
147 -2.93333 1.61658 1
148 -2.93333 1.84752 3
149 -2.93333 2.07846 2
150 -2.93333 2.3094 2
151 -2.93333 2.54034 2
152 -2.93333 2.77128 2
153 -2.93333 3.00222 2
154 -2.93333 3.23316 2
155 -2.93333 3.4641 7
156 -2.66667 -3.4641 5
157 -2.66667 -3.23316 2
158 -2.66667 -3.00222 2
159 -2.66667 -2.77128 2
160 -2.66667 -2.54034 2
161 -2.66667 -2.3094 3
162 -2.66667 -2.07846 1
163 -2.66667 -1.84752 1
164 -2.66667 -1.61658 1
165 -2.66667 -1.38564 1
166 -2.66667 -1.1547 1
167 -2.66667 -0.923761 1
168 -2.66667 -0.69282 1
169 -2.66667 -0.46188 1
170 -2.66667 -0.23094 1
171 -2.66667 0 1
172 -2.66667 0.23094 1
173 -2.66667 0.46188 1
174 -2.66667 0.69282 1
175 -2.66667 0.923761 1
176 -2.66667 1.1547 1
177 -2.66667 1.38564 1
178 -2.66667 1.61658 1
179 -2.66667 1.84752 1
180 -2.66667 2.07846 1
181 -2.66667 2.3094 3
182 -2.66667 2.54034 2
183 -2.66667 2.77128 2
184 -2.66667 3.00222 2
185 -2.66667 3.23316 2
186 -2.66667 3.4641 7
187 -2.4 -3.4641 5
188 -2.4 -3.23316 2
189 -2.4 -3.00222 2
190 -2.4 -2.77128 3
191 -2.4 -2.54034 1
192 -2.4 -2.3094 1
193 -2.4 -2.07846 1
194 -2.4 -1.84752 1
195 -2.4 -1.61658 1
196 -2.4 -1.38564 1
197 -2.4 -1.1547 1
198 -2.4 -0.923761 1
199 -2.4 -0.69282 1
200 -2.4 -0.46188 1
201 -2.4 -0.23094 1
202 -2.4 0 1
203 -2.4 0.23094 1
204 -2.4 0.46188 1
205 -2.4 0.69282 1
206 -2.4 0.923761 1
207 -2.4 1.1547 1
208 -2.4 1.38564 1
209 -2.4 1.61658 1
210 -2.4 1.84752 1
211 -2.4 2.07846 1
212 -2.4 2.3094 1
213 -2.4 2.54034 1
214 -2.4 2.77128 3
215 -2.4 3.00222 2
216 -2.4 3.23316 2
217 -2.4 3.4641 7
218 -2.13333 -3.4641 5
219 -2.13333 -3.23316 3
220 -2.13333 -3.00222 1
221 -2.13333 -2.77128 1
222 -2.13333 -2.54034 1
223 -2.13333 -2.3094 1
224 -2.13333 -2.07846 1
225 -2.13333 -1.84752 1
226 -2.13333 -1.61658 1
227 -2.13333 -1.38564 1
228 -2.13333 -1.1547 1
229 -2.13333 -0.923761 1
230 -2.13333 -0.69282 1
231 -2.13333 -0.46188 1
232 -2.13333 -0.23094 1
233 -2.13333 0 1
234 -2.13333 0.23094 1
235 -2.13333 0.46188 1
236 -2.13333 0.69282 1
237 -2.13333 0.923761 1
238 -2.13333 1.1547 1
239 -2.13333 1.38564 1
240 -2.13333 1.61658 1
241 -2.13333 1.84752 1
242 -2.13333 2.07846 1
243 -2.13333 2.3094 1
244 -2.13333 2.54034 1
245 -2.13333 2.77128 1
246 -2.13333 3.00222 1
247 -2.13333 3.23316 3
248 -2.13333 3.4641 7
249 -1.86667 -3.4641 5
250 -1.86667 -3.23316 1
251 -1.86667 -3.00222 1
252 -1.86667 -2.77128 1
253 -1.86667 -2.54034 1
254 -1.86667 -2.3094 1
255 -1.86667 -2.07846 1
256 -1.86667 -1.84752 1
257 -1.86667 -1.61658 1
258 -1.86667 -1.38564 1
259 -1.86667 -1.1547 1
260 -1.86667 -0.923761 1
261 -1.86667 -0.69282 1
262 -1.86667 -0.46188 1
263 -1.86667 -0.23094 1
264 -1.86667 0 1
265 -1.86667 0.23094 1
266 -1.86667 0.46188 1
267 -1.86667 0.69282 1
268 -1.86667 0.923761 1
269 -1.86667 1.1547 1
270 -1.86667 1.38564 1
271 -1.86667 1.61658 1
272 -1.86667 1.84752 1
273 -1.86667 2.07846 1
274 -1.86667 2.3094 1
275 -1.86667 2.54034 1
276 -1.86667 2.77128 1
277 -1.86667 3.00222 1
278 -1.86667 3.23316 1
279 -1.86667 3.4641 7
280 -1.6 -3.4641 5
281 -1.6 -3.23316 1
282 -1.6 -3.00222 1
283 -1.6 -2.77128 1
284 -1.6 -2.54034 1
285 -1.6 -2.3094 1
286 -1.6 -2.07846 1
287 -1.6 -1.84752 1
288 -1.6 -1.61658 1
289 -1.6 -1.38564 1
290 -1.6 -1.1547 1
291 -1.6 -0.923761 1
292 -1.6 -0.69282 1
293 -1.6 -0.46188 1
294 -1.6 -0.23094 1
295 -1.6 0 1
296 -1.6 0.23094 1
297 -1.6 0.46188 1
298 -1.6 0.69282 1
299 -1.6 0.923761 1
300 -1.6 1.1547 1
301 -1.6 1.38564 1
302 -1.6 1.61658 1
303 -1.6 1.84752 1
304 -1.6 2.07846 1
305 -1.6 2.3094 1
306 -1.6 2.54034 1
307 -1.6 2.77128 1
308 -1.6 3.00222 1
309 -1.6 3.23316 1
310 -1.6 3.4641 7
311 -1.33333 -3.4641 5
312 -1.33333 -3.23316 1
313 -1.33333 -3.00222 1
314 -1.33333 -2.77128 1
315 -1.33333 -2.54034 1
316 -1.33333 -2.3094 1
317 -1.33333 -2.07846 1
318 -1.33333 -1.84752 1
319 -1.33333 -1.61658 1
320 -1.33333 -1.38564 1
321 -1.33333 -1.1547 1
322 -1.33333 -0.923761 1
323 -1.33333 -0.69282 1
324 -1.33333 -0.46188 1
325 -1.33333 -0.23094 1
326 -1.33333 0 1
327 -1.33333 0.23094 1
328 -1.33333 0.46188 1
329 -1.33333 0.69282 1
330 -1.33333 0.923761 1
331 -1.33333 1.1547 1
332 -1.33333 1.38564 1
333 -1.33333 1.61658 1
334 -1.33333 1.84752 1
335 -1.33333 2.07846 1
336 -1.33333 2.3094 1
337 -1.33333 2.54034 1
338 -1.33333 2.77128 1
339 -1.33333 3.00222 1
340 -1.33333 3.23316 1
341 -1.33333 3.4641 7
342 -1.06667 -3.4641 5
343 -1.06667 -3.23316 1
344 -1.06667 -3.00222 1
345 -1.06667 -2.77128 1
346 -1.06667 -2.54034 1
347 -1.06667 -2.3094 1
348 -1.06667 -2.07846 1
349 -1.06667 -1.84752 1
350 -1.06667 -1.61658 1
351 -1.06667 -1.38564 1
352 -1.06667 -1.1547 1
353 -1.06667 -0.923761 1
354 -1.06667 -0.69282 1
355 -1.06667 -0.46188 1
356 -1.06667 -0.23094 1
357 -1.06667 0 1
358 -1.06667 0.23094 1
359 -1.06667 0.46188 1
360 -1.06667 0.69282 1
361 -1.06667 0.923761 1
362 -1.06667 1.1547 1
363 -1.06667 1.38564 1
364 -1.06667 1.61658 1
365 -1.06667 1.84752 1
366 -1.06667 2.07846 1
367 -1.06667 2.3094 1
368 -1.06667 2.54034 1
369 -1.06667 2.77128 1
370 -1.06667 3.00222 1
371 -1.06667 3.23316 1
372 -1.06667 3.4641 7
373 -0.8 -3.4641 5
374 -0.8 -3.23316 1
375 -0.8 -3.00222 1
376 -0.8 -2.77128 1
377 -0.8 -2.54034 1
378 -0.8 -2.3094 1
379 -0.8 -2.07846 1
380 -0.8 -1.84752 1
381 -0.8 -1.61658 1
382 -0.8 -1.38564 1
383 -0.8 -1.1547 1
384 -0.8 -0.923761 1
385 -0.8 -0.69282 1
386 -0.8 -0.46188 1
387 -0.8 -0.23094 1
388 -0.8 0 1
389 -0.8 0.23094 1
390 -0.8 0.46188 1
391 -0.8 0.69282 1
392 -0.8 0.923761 1
393 -0.8 1.1547 1
394 -0.8 1.38564 1
395 -0.8 1.61658 1
396 -0.8 1.84752 1
397 -0.8 2.07846 1
398 -0.8 2.3094 1
399 -0.8 2.54034 1
400 -0.8 2.77128 1
401 -0.8 3.00222 1
402 -0.8 3.23316 1
403 -0.8 3.4641 7
404 -0.533333 -3.4641 5
405 -0.533333 -3.23316 1
406 -0.533333 -3.00222 1
407 -0.533333 -2.77128 1
408 -0.533333 -2.54034 1
409 -0.533333 -2.3094 1
410 -0.533333 -2.07846 1
411 -0.533333 -1.84752 1
412 -0.533333 -1.61658 1
413 -0.533333 -1.38564 1
414 -0.533333 -1.1547 1
415 -0.533333 -0.923761 1
416 -0.533333 -0.69282 1
417 -0.533333 -0.46188 1
418 -0.533333 -0.23094 1
419 -0.533333 0 1
420 -0.533333 0.23094 1
421 -0.533333 0.46188 1
422 -0.533333 0.69282 1
423 -0.533333 0.923761 1
424 -0.533333 1.1547 1
425 -0.533333 1.38564 1
426 -0.533333 1.61658 1
427 -0.533333 1.84752 1
428 -0.533333 2.07846 1
429 -0.533333 2.3094 1
430 -0.533333 2.54034 1
431 -0.533333 2.77128 1
432 -0.533333 3.00222 1
433 -0.533333 3.23316 1
434 -0.533333 3.4641 7
435 -0.266667 -3.4641 5
436 -0.266667 -3.23316 1
437 -0.266667 -3.00222 1
438 -0.266667 -2.77128 1
439 -0.266667 -2.54034 1
440 -0.266667 -2.3094 1
441 -0.266667 -2.07846 1
442 -0.266667 -1.84752 1
443 -0.266667 -1.61658 1
444 -0.266667 -1.38564 1
445 -0.266667 -1.1547 1
446 -0.266667 -0.923761 1
447 -0.266667 -0.69282 1
448 -0.266667 -0.46188 1
449 -0.266667 -0.23094 1
450 -0.266667 0 1
451 -0.266667 0.23094 1
452 -0.266667 0.46188 1
453 -0.266667 0.69282 1
454 -0.266667 0.923761 1
455 -0.266667 1.1547 1
456 -0.266667 1.38564 1
457 -0.266667 1.61658 1
458 -0.266667 1.84752 1
459 -0.266667 2.07846 1
460 -0.266667 2.3094 1
461 -0.266667 2.54034 1
462 -0.266667 2.77128 1
463 -0.266667 3.00222 1
464 -0.266667 3.23316 1
465 -0.266667 3.4641 7
466 0 -3.4641 5
467 0 -3.23316 1
468 0 -3.00222 1
469 0 -2.77128 1
470 0 -2.54034 1
471 0 -2.3094 1
472 0 -2.07846 1
473 0 -1.84752 1
474 0 -1.61658 1
475 0 -1.38564 1
476 0 -1.1547 1
477 0 -0.923761 1
478 0 -0.69282 1
479 0 -0.46188 1
480 0 -0.23094 1
481 0 0 1
482 0 0.23094 1
483 0 0.46188 1
484 0 0.69282 1
485 0 0.923761 1
486 0 1.1547 1
487 0 1.38564 1
488 0 1.61658 1
489 0 1.84752 1
490 0 2.07846 1
491 0 2.3094 1
492 0 2.54034 1
493 0 2.77128 1
494 0 3.00222 1
495 0 3.23316 1
496 0 3.4641 7
497 0.266667 -3.4641 5
498 0.266667 -3.23316 1
499 0.266667 -3.00222 1
500 0.266667 -2.77128 1
501 0.266667 -2.54034 1
502 0.266667 -2.3094 1
503 0.266667 -2.07846 1
504 0.266667 -1.84752 1
505 0.266667 -1.61658 1
506 0.266667 -1.38564 1
507 0.266667 -1.1547 1
508 0.266667 -0.923761 1
509 0.266667 -0.69282 1
510 0.266667 -0.46188 1
511 0.266667 -0.23094 1
512 0.266667 0 1
513 0.266667 0.23094 1
514 0.266667 0.46188 1
515 0.266667 0.69282 1
516 0.266667 0.923761 1
517 0.266667 1.1547 1
518 0.266667 1.38564 1
519 0.266667 1.61658 1
520 0.266667 1.84752 1
521 0.266667 2.07846 1
522 0.266667 2.3094 1
523 0.266667 2.54034 1
524 0.266667 2.77128 1
525 0.266667 3.00222 1
526 0.266667 3.23316 1
527 0.266667 3.4641 7
528 0.533333 -3.4641 5
529 0.533333 -3.23316 1
530 0.533333 -3.00222 1
531 0.533333 -2.77128 1
532 0.533333 -2.54034 1
533 0.533333 -2.3094 1
534 0.533333 -2.07846 1
535 0.533333 -1.84752 1
536 0.533333 -1.61658 1
537 0.533333 -1.38564 1
538 0.533333 -1.1547 1
539 0.533333 -0.923761 1
540 0.533333 -0.69282 1
541 0.533333 -0.46188 1
542 0.533333 -0.23094 1
543 0.533333 0 1
544 0.533333 0.23094 1
545 0.533333 0.46188 1
546 0.533333 0.69282 1
547 0.533333 0.923761 1
548 0.533333 1.1547 1
549 0.533333 1.38564 1
550 0.533333 1.61658 1
551 0.533333 1.84752 1
552 0.533333 2.07846 1
553 0.533333 2.3094 1
554 0.533333 2.54034 1
555 0.533333 2.77128 1
556 0.533333 3.00222 1
557 0.533333 3.23316 1
558 0.533333 3.4641 7
559 0.8 -3.4641 5
560 0.8 -3.23316 1
561 0.8 -3.00222 1
562 0.8 -2.77128 1
563 0.8 -2.54034 1
564 0.8 -2.3094 1
565 0.8 -2.07846 1
566 0.8 -1.84752 1
567 0.8 -1.61658 1
568 0.8 -1.38564 1
569 0.8 -1.1547 1
570 0.8 -0.923761 1
571 0.8 -0.69282 1
572 0.8 -0.46188 1
573 0.8 -0.23094 1
574 0.8 0 1
575 0.8 0.23094 1
576 0.8 0.46188 1
577 0.8 0.69282 1
578 0.8 0.923761 1
579 0.8 1.1547 1
580 0.8 1.38564 1
581 0.8 1.61658 1
582 0.8 1.84752 1
583 0.8 2.07846 1
584 0.8 2.3094 1
585 0.8 2.54034 1
586 0.8 2.77128 1
587 0.8 3.00222 1
588 0.8 3.23316 1
589 0.8 3.4641 7
590 1.06667 -3.4641 5
591 1.06667 -3.23316 1
592 1.06667 -3.00222 1
593 1.06667 -2.77128 1
594 1.06667 -2.54034 1
595 1.06667 -2.3094 1
596 1.06667 -2.07846 1
597 1.06667 -1.84752 1
598 1.06667 -1.61658 1
599 1.06667 -1.38564 1
600 1.06667 -1.1547 1
601 1.06667 -0.923761 1
602 1.06667 -0.69282 1
603 1.06667 -0.46188 1
604 1.06667 -0.23094 1
605 1.06667 0 1
606 1.06667 0.23094 1
607 1.06667 0.46188 1
608 1.06667 0.69282 1
609 1.06667 0.923761 1
610 1.06667 1.1547 1
611 1.06667 1.38564 1
612 1.06667 1.61658 1
613 1.06667 1.84752 1
614 1.06667 2.07846 1
615 1.06667 2.3094 1
616 1.06667 2.54034 1
617 1.06667 2.77128 1
618 1.06667 3.00222 1
619 1.06667 3.23316 1
620 1.06667 3.4641 7
621 1.33333 -3.4641 5
622 1.33333 -3.23316 1
623 1.33333 -3.00222 1
624 1.33333 -2.77128 1
625 1.33333 -2.54034 1
626 1.33333 -2.3094 1
627 1.33333 -2.07846 1
628 1.33333 -1.84752 1
629 1.33333 -1.61658 1
630 1.33333 -1.38564 1
631 1.33333 -1.1547 1
632 1.33333 -0.923761 1
633 1.33333 -0.69282 1
634 1.33333 -0.46188 1
635 1.33333 -0.23094 1
636 1.33333 0 1
637 1.33333 0.23094 1
638 1.33333 0.46188 1
639 1.33333 0.69282 1
640 1.33333 0.923761 1
641 1.33333 1.1547 1
642 1.33333 1.38564 1
643 1.33333 1.61658 1
644 1.33333 1.84752 1
645 1.33333 2.07846 1
646 1.33333 2.3094 1
647 1.33333 2.54034 1
648 1.33333 2.77128 1
649 1.33333 3.00222 1
650 1.33333 3.23316 1
651 1.33333 3.4641 7
652 1.6 -3.4641 5
653 1.6 -3.23316 1
654 1.6 -3.00222 1
655 1.6 -2.77128 1
656 1.6 -2.54034 1
657 1.6 -2.3094 1
658 1.6 -2.07846 1
659 1.6 -1.84752 1
660 1.6 -1.61658 1
661 1.6 -1.38564 1
662 1.6 -1.1547 1
663 1.6 -0.923761 1
664 1.6 -0.69282 1
665 1.6 -0.46188 1
666 1.6 -0.23094 1
667 1.6 0 1
668 1.6 0.23094 1
669 1.6 0.46188 1
670 1.6 0.69282 1
671 1.6 0.923761 1
672 1.6 1.1547 1
673 1.6 1.38564 1
674 1.6 1.61658 1
675 1.6 1.84752 1
676 1.6 2.07846 1
677 1.6 2.3094 1
678 1.6 2.54034 1
679 1.6 2.77128 1
680 1.6 3.00222 1
681 1.6 3.23316 1
682 1.6 3.4641 7
683 1.86667 -3.4641 5
684 1.86667 -3.23316 1
685 1.86667 -3.00222 1
686 1.86667 -2.77128 1
687 1.86667 -2.54034 1
688 1.86667 -2.3094 1
689 1.86667 -2.07846 1
690 1.86667 -1.84752 1
691 1.86667 -1.61658 1
692 1.86667 -1.38564 1
693 1.86667 -1.1547 1
694 1.86667 -0.923761 1
695 1.86667 -0.69282 1
696 1.86667 -0.46188 1
697 1.86667 -0.23094 1
698 1.86667 0 1
699 1.86667 0.23094 1
700 1.86667 0.46188 1
701 1.86667 0.69282 1
702 1.86667 0.923761 1
703 1.86667 1.1547 1
704 1.86667 1.38564 1
705 1.86667 1.61658 1
706 1.86667 1.84752 1
707 1.86667 2.07846 1
708 1.86667 2.3094 1
709 1.86667 2.54034 1
710 1.86667 2.77128 1
711 1.86667 3.00222 1
712 1.86667 3.23316 1
713 1.86667 3.4641 7
714 2.13333 -3.4641 5
715 2.13333 -3.23316 3
716 2.13333 -3.00222 1
717 2.13333 -2.77128 1
718 2.13333 -2.54034 1
719 2.13333 -2.3094 1
720 2.13333 -2.07846 1
721 2.13333 -1.84752 1
722 2.13333 -1.61658 1
723 2.13333 -1.38564 1
724 2.13333 -1.1547 1
725 2.13333 -0.923761 1
726 2.13333 -0.69282 1
727 2.13333 -0.46188 1
728 2.13333 -0.23094 1
729 2.13333 0 1
730 2.13333 0.23094 1
731 2.13333 0.46188 1
732 2.13333 0.69282 1
733 2.13333 0.923761 1
734 2.13333 1.1547 1
735 2.13333 1.38564 1
736 2.13333 1.61658 1
737 2.13333 1.84752 1
738 2.13333 2.07846 1
739 2.13333 2.3094 1
740 2.13333 2.54034 1
741 2.13333 2.77128 1
742 2.13333 3.00222 1
743 2.13333 3.23316 3
744 2.13333 3.4641 7
745 2.4 -3.4641 5
746 2.4 -3.23316 2
747 2.4 -3.00222 2
748 2.4 -2.77128 3
749 2.4 -2.54034 1
750 2.4 -2.3094 1
751 2.4 -2.07846 1
752 2.4 -1.84752 1
753 2.4 -1.61658 1
754 2.4 -1.38564 1
755 2.4 -1.1547 1
756 2.4 -0.923761 1
757 2.4 -0.69282 1
758 2.4 -0.46188 1
759 2.4 -0.23094 1
760 2.4 0 1
761 2.4 0.23094 1
762 2.4 0.46188 1
763 2.4 0.69282 1
764 2.4 0.923761 1
765 2.4 1.1547 1
766 2.4 1.38564 1
767 2.4 1.61658 1
768 2.4 1.84752 1
769 2.4 2.07846 1
770 2.4 2.3094 1
771 2.4 2.54034 1
772 2.4 2.77128 3
773 2.4 3.00222 2
774 2.4 3.23316 2
775 2.4 3.4641 7
776 2.66667 -3.4641 5
777 2.66667 -3.23316 2
778 2.66667 -3.00222 2
779 2.66667 -2.77128 2
780 2.66667 -2.54034 2
781 2.66667 -2.3094 3
782 2.66667 -2.07846 1
783 2.66667 -1.84752 1
784 2.66667 -1.61658 1
785 2.66667 -1.38564 1
786 2.66667 -1.1547 1
787 2.66667 -0.923761 1
788 2.66667 -0.69282 1
789 2.66667 -0.46188 1
790 2.66667 -0.23094 1
791 2.66667 0 1
792 2.66667 0.23094 1
793 2.66667 0.46188 1
794 2.66667 0.69282 1
795 2.66667 0.923761 1
796 2.66667 1.1547 1
797 2.66667 1.38564 1
798 2.66667 1.61658 1
799 2.66667 1.84752 1
800 2.66667 2.07846 1
801 2.66667 2.3094 3
802 2.66667 2.54034 2
803 2.66667 2.77128 2
804 2.66667 3.00222 2
805 2.66667 3.23316 2
806 2.66667 3.4641 7
807 2.93333 -3.4641 5
808 2.93333 -3.23316 2
809 2.93333 -3.00222 2
810 2.93333 -2.77128 2
811 2.93333 -2.54034 2
812 2.93333 -2.3094 2
813 2.93333 -2.07846 2
814 2.93333 -1.84752 3
815 2.93333 -1.61658 1
816 2.93333 -1.38564 1
817 2.93333 -1.1547 1
818 2.93333 -0.923761 1
819 2.93333 -0.69282 1
820 2.93333 -0.46188 1
821 2.93333 -0.23094 1
822 2.93333 0 1
823 2.93333 0.23094 1
824 2.93333 0.46188 1
825 2.93333 0.69282 1
826 2.93333 0.923761 1
827 2.93333 1.1547 1
828 2.93333 1.38564 1
829 2.93333 1.61658 1
830 2.93333 1.84752 3
831 2.93333 2.07846 2
832 2.93333 2.3094 2
833 2.93333 2.54034 2
834 2.93333 2.77128 2
835 2.93333 3.00222 2
836 2.93333 3.23316 2
837 2.93333 3.4641 7
838 3.2 -3.4641 5
839 3.2 -3.23316 2
840 3.2 -3.00222 2
841 3.2 -2.77128 2
842 3.2 -2.54034 2
843 3.2 -2.3094 2
844 3.2 -2.07846 2
845 3.2 -1.84752 2
846 3.2 -1.61658 2
847 3.2 -1.38564 3
848 3.2 -1.1547 1
849 3.2 -0.923761 1
850 3.2 -0.69282 1
851 3.2 -0.46188 1
852 3.2 -0.23094 1
853 3.2 0 1
854 3.2 0.23094 1
855 3.2 0.46188 1
856 3.2 0.69282 1
857 3.2 0.923761 1
858 3.2 1.1547 1
859 3.2 1.38564 3
860 3.2 1.61658 2
861 3.2 1.84752 2
862 3.2 2.07846 2
863 3.2 2.3094 2
864 3.2 2.54034 2
865 3.2 2.77128 2
866 3.2 3.00222 2
867 3.2 3.23316 2
868 3.2 3.4641 7
869 3.46667 -3.4641 5
870 3.46667 -3.23316 2
871 3.46667 -3.00222 2
872 3.46667 -2.77128 2
873 3.46667 -2.54034 2
874 3.46667 -2.3094 2
875 3.46667 -2.07846 2
876 3.46667 -1.84752 2
877 3.46667 -1.61658 2
878 3.46667 -1.38564 2
879 3.46667 -1.1547 2
880 3.46667 -0.923761 3
881 3.46667 -0.69282 1
882 3.46667 -0.46188 1
883 3.46667 -0.23094 1
884 3.46667 0 1
885 3.46667 0.23094 1
886 3.46667 0.46188 1
887 3.46667 0.69282 1
888 3.46667 0.923761 3
889 3.46667 1.1547 2
890 3.46667 1.38564 2
891 3.46667 1.61658 2
892 3.46667 1.84752 2
893 3.46667 2.07846 2
894 3.46667 2.3094 2
895 3.46667 2.54034 2
896 3.46667 2.77128 2
897 3.46667 3.00222 2
898 3.46667 3.23316 2
899 3.46667 3.4641 7
900 3.73333 -3.4641 5
901 3.73333 -3.23316 2
902 3.73333 -3.00222 2
903 3.73333 -2.77128 2
904 3.73333 -2.54034 2
905 3.73333 -2.3094 2
906 3.73333 -2.07846 2
907 3.73333 -1.84752 2
908 3.73333 -1.61658 2
909 3.73333 -1.38564 2
910 3.73333 -1.1547 2
911 3.73333 -0.923761 2
912 3.73333 -0.69282 2
913 3.73333 -0.46188 3
914 3.73333 -0.23094 1
915 3.73333 0 1
916 3.73333 0.23094 1
917 3.73333 0.46188 3
918 3.73333 0.69282 2
919 3.73333 0.923761 2
920 3.73333 1.1547 2
921 3.73333 1.38564 2
922 3.73333 1.61658 2
923 3.73333 1.84752 2
924 3.73333 2.07846 2
925 3.73333 2.3094 2
926 3.73333 2.54034 2
927 3.73333 2.77128 2
928 3.73333 3.00222 2
929 3.73333 3.23316 2
930 3.73333 3.4641 7
931 4 -3.4641 9
932 4 -3.23316 6
933 4 -3.00222 6
934 4 -2.77128 6
935 4 -2.54034 6
936 4 -2.3094 6
937 4 -2.07846 6
938 4 -1.84752 6
939 4 -1.61658 6
940 4 -1.38564 6
941 4 -1.1547 6
942 4 -0.923761 6
943 4 -0.69282 6
944 4 -0.46188 6
945 4 -0.23094 6
946 4 0 6
947 4 0.23094 6
948 4 0.46188 6
949 4 0.69282 6
950 4 0.923761 6
951 4 1.1547 6
952 4 1.38564 6
953 4 1.61658 6
954 4 1.84752 6
955 4 2.07846 6
956 4 2.3094 6
957 4 2.54034 6
958 4 2.77128 6
959 4 3.00222 6
960 4 3.23316 6
961 4 3.4641 10
962 -3.86641 -0.23094 0
963 -3.86693 0.23094 0
964 -3.59974 -0.69282 0
965 -3.59974 0.69282 0
966 -3.33307 -1.1547 0
967 -3.33333 1.1547 0
968 -3.06641 -1.61658 0
969 -3.06693 1.61658 0
970 -2.79974 -2.07846 0
971 -2.79974 2.07846 0
972 -2.53333 -2.54034 0
973 -2.53359 2.54034 0
974 -2.26693 -3.00222 0
975 -2.26693 3.00222 0
976 2.26693 -3.00222 0
977 2.26693 3.00222 0
978 2.53307 -2.54034 0
979 2.53307 2.54034 0
980 2.79974 -2.07846 0
981 2.79974 2.07846 0
982 3.06641 -1.61658 0
983 3.06693 1.61658 0
984 3.33307 -1.1547 0
985 3.33333 1.1547 0
986 3.6 -0.69282 0
987 3.6 0.69282 0
988 3.86641 -0.23094 0
989 3.86667 0.23094 0
