1 -14.9968 -9.3642 -4.10607 24
2 -14.9968 -7.02315 -4.10607 12
3 -14.9968 -4.6821 -4.10607 12
4 -14.9968 -2.34105 -4.10607 12
5 -14.9968 0 -4.10607 12
6 -14.9968 2.34105 -4.10607 12
7 -14.9968 4.6821 -4.10607 12
8 -14.9968 7.02315 -4.10607 12
9 -14.9968 9.3642 -4.10607 25
10 -11.3234 -9.3642 -4.10607 13
11 -11.3234 -7.02315 -4.10607 7
12 -11.3234 -4.6821 -4.10607 7
13 -11.3234 -2.34105 -4.10607 7
14 -11.3234 0 -4.10607 7
15 -11.3234 2.34105 -4.10607 7
16 -11.3234 4.6821 -4.10607 7
17 -11.3234 7.02315 -4.10607 7
18 -11.3234 9.3642 -4.10607 14
19 -7.64998 -9.3642 -4.10607 13
20 -7.64998 -7.02315 -4.10607 7
21 -7.64998 -4.6821 -4.10607 7
22 -7.64998 -2.34105 -4.10607 7
23 -7.64998 0 -4.10607 7
24 -7.64998 2.34105 -4.10607 7
25 -7.64998 4.6821 -4.10607 7
26 -7.64998 7.02315 -4.10607 7
27 -7.64998 9.3642 -4.10607 14
28 -3.97656 -9.3642 -4.10607 13
29 -3.97656 -7.02315 -4.10607 7
30 -3.97656 -4.6821 -4.10607 7
31 -3.97656 -2.34105 -4.10607 7
32 -3.97656 0 -4.10607 7
33 -3.97656 2.34105 -4.10607 7
34 -3.97656 4.6821 -4.10607 7
35 -3.97656 7.02315 -4.10607 7
36 -3.97656 9.3642 -4.10607 14
37 -0.303135 -9.3642 -4.10607 13
38 -0.303135 -7.02315 -4.10607 7
39 -0.303135 -4.6821 -4.10607 7
40 -0.303135 -2.34105 -4.10607 7
41 -0.303135 0 -4.10607 7
42 -0.303135 2.34105 -4.10607 7
43 -0.303135 4.6821 -4.10607 7
44 -0.303135 7.02315 -4.10607 7
45 -0.303135 9.3642 -4.10607 14
46 3.37029 -9.3642 -4.10607 13
47 3.37029 -7.02315 -4.10607 7
48 3.37029 -4.6821 -4.10607 7
49 3.37029 -2.34105 -4.10607 7
50 3.37029 0 -4.10607 7
51 3.37029 2.34105 -4.10607 7
52 3.37029 4.6821 -4.10607 7
53 3.37029 7.02315 -4.10607 7
54 3.37029 9.3642 -4.10607 14
55 7.04371 -9.3642 -4.10607 13
56 7.04371 -7.02315 -4.10607 7
57 7.04371 -4.6821 -4.10607 7
58 7.04371 -2.34105 -4.10607 7
59 7.04371 0 -4.10607 7
60 7.04371 2.34105 -4.10607 7
61 7.04371 4.6821 -4.10607 7
62 7.04371 7.02315 -4.10607 7
63 7.04371 9.3642 -4.10607 14
64 10.7171 -9.3642 -4.10607 13
65 10.7171 -7.02315 -4.10607 7
66 10.7171 -4.6821 -4.10607 7
67 10.7171 -2.34105 -4.10607 7
68 10.7171 0 -4.10607 7
69 10.7171 2.34105 -4.10607 7
70 10.7171 4.6821 -4.10607 7
71 10.7171 7.02315 -4.10607 7
72 10.7171 9.3642 -4.10607 14
73 14.3906 -9.3642 -4.10607 26
74 14.3906 -7.02315 -4.10607 15
75 14.3906 -4.6821 -4.10607 15
76 14.3906 -2.34105 -4.10607 15
77 14.3906 0 -4.10607 15
78 14.3906 2.34105 -4.10607 15
79 14.3906 4.6821 -4.10607 15
80 14.3906 7.02315 -4.10607 15
81 14.3906 9.3642 -4.10607 27
82 -14.9968 -9.3642 -2.72886 16
83 -14.9968 -7.02315 -2.72886 11
84 -14.9968 -4.6821 -2.72886 11
85 -14.9968 -2.34105 -2.72886 11
86 -14.9968 0 -2.72886 11
87 -14.9968 2.34105 -2.72886 11
88 -14.9968 4.6821 -2.72886 11
89 -14.9968 7.02315 -2.72886 11
90 -14.9968 9.3642 -2.72886 17
91 -11.3234 -9.3642 -2.72886 9
92 -11.3234 -7.02315 -2.72886 1
93 -11.3234 -4.6821 -2.72886 1
94 -11.3234 -2.34105 -2.72886 1
95 -11.3234 0 -2.72886 1
96 -11.3234 2.34105 -2.72886 1
97 -11.3234 4.6821 -2.72886 1
98 -11.3234 7.02315 -2.72886 1
99 -11.3234 9.3642 -2.72886 8
100 -7.64998 -9.3642 -2.72886 9
101 -7.64998 -7.02315 -2.72886 1
102 -7.64998 -4.6821 -2.72886 1
103 -7.64998 -2.34105 -2.72886 1
104 -7.64998 0 -2.72886 1
105 -7.64998 2.34105 -2.72886 1
106 -7.64998 4.6821 -2.72886 1
107 -7.64998 7.02315 -2.72886 1
108 -7.64998 9.3642 -2.72886 8
109 -3.97656 -9.3642 -2.72886 9
110 -3.97656 -7.02315 -2.72886 1
111 -3.97656 -4.6821 -2.72886 1
112 -3.97656 -2.34105 -2.72886 1
113 -3.97656 0 -2.72886 1
114 -3.97656 2.34105 -2.72886 1
115 -3.97656 4.6821 -2.72886 1
116 -3.97656 7.02315 -2.72886 1
117 -3.97656 9.3642 -2.72886 8
118 -0.303135 -9.3642 -2.72886 9
119 -0.303135 -7.02315 -2.72886 1
120 -0.303135 -4.6821 -2.72886 1
121 -0.303135 -2.34105 -2.72886 1
122 -0.303135 0 -2.72886 1
123 -0.303135 2.34105 -2.72886 1
124 -0.303135 4.6821 -2.72886 1
125 -0.303135 7.02315 -2.72886 1
126 -0.303135 9.3642 -2.72886 8
127 3.37029 -9.3642 -2.72886 9
128 3.37029 -7.02315 -2.72886 1
129 3.37029 -4.6821 -2.72886 1
130 3.37029 -2.34105 -2.72886 1
131 3.37029 0 -2.72886 1
132 3.37029 2.34105 -2.72886 1
133 3.37029 4.6821 -2.72886 1
134 3.37029 7.02315 -2.72886 1
135 3.37029 9.3642 -2.72886 8
136 7.04371 -9.3642 -2.72886 9
137 7.04371 -7.02315 -2.72886 1
138 7.04371 -4.6821 -2.72886 1
139 7.04371 -2.34105 -2.72886 1
140 7.04371 0 -2.72886 1
141 7.04371 2.34105 -2.72886 1
142 7.04371 4.6821 -2.72886 1
143 7.04371 7.02315 -2.72886 1
144 7.04371 9.3642 -2.72886 8
145 10.7171 -9.3642 -2.72886 9
146 10.7171 -7.02315 -2.72886 1
147 10.7171 -4.6821 -2.72886 1
148 10.7171 -2.34105 -2.72886 1
149 10.7171 0 -2.72886 1
150 10.7171 2.34105 -2.72886 1
151 10.7171 4.6821 -2.72886 1
152 10.7171 7.02315 -2.72886 1
153 10.7171 9.3642 -2.72886 8
154 14.3906 -9.3642 -2.72886 18
155 14.3906 -7.02315 -2.72886 10
156 14.3906 -4.6821 -2.72886 10
157 14.3906 -2.34105 -2.72886 10
158 14.3906 0 -2.72886 10
159 14.3906 2.34105 -2.72886 10
160 14.3906 4.6821 -2.72886 10
161 14.3906 7.02315 -2.72886 10
162 14.3906 9.3642 -2.72886 19
163 -14.9968 -9.3642 -1.35165 16
164 -14.9968 -7.02315 -1.35165 11
165 -14.9968 -4.6821 -1.35165 11
166 -14.9968 -2.34105 -1.35165 11
167 -14.9968 0 -1.35165 11
168 -14.9968 2.34105 -1.35165 11
169 -14.9968 4.6821 -1.35165 11
170 -14.9968 7.02315 -1.35165 11
171 -14.9968 9.3642 -1.35165 17
172 -11.3234 -9.3642 -1.35165 9
173 -11.3234 -7.02315 -1.35165 1
174 -11.3234 -4.6821 -1.35165 1
175 -11.3234 -2.34105 -1.35165 1
176 -11.3234 0 -1.35165 1
177 -11.3234 2.34105 -1.35165 1
178 -11.3234 4.6821 -1.35165 1
179 -11.3234 7.02315 -1.35165 1
180 -11.3234 9.3642 -1.35165 8
181 -7.64998 -9.3642 -1.35165 9
182 -7.64998 -7.02315 -1.35165 1
183 -7.64998 -4.6821 -1.35165 1
184 -7.64998 -2.34105 -1.35165 1
185 -7.64998 0 -1.35165 1
186 -7.64998 2.34105 -1.35165 1
187 -7.64998 4.6821 -1.35165 1
188 -7.64998 7.02315 -1.35165 1
189 -7.64998 9.3642 -1.35165 8
190 -3.97656 -9.3642 -1.35165 9
191 -3.97656 -7.02315 -1.35165 1
192 -3.97656 -4.6821 -1.35165 1
193 -3.97656 -2.34105 -1.35165 1
194 -3.97656 0 -1.35165 1
195 -3.97656 2.34105 -1.35165 1
196 -3.97656 4.6821 -1.35165 1
197 -3.97656 7.02315 -1.35165 1
198 -3.97656 9.3642 -1.35165 8
199 -0.303135 -9.3642 -1.35165 9
200 -0.303135 -7.02315 -1.35165 1
201 -0.303135 -4.6821 -1.35165 1
202 -0.303135 -2.34105 -1.35165 1
203 -0.303135 0 -1.35165 1
204 -0.303135 2.34105 -1.35165 1
205 -0.303135 4.6821 -1.35165 1
206 -0.303135 7.02315 -1.35165 1
207 -0.303135 9.3642 -1.35165 8
208 3.37029 -9.3642 -1.35165 9
209 3.37029 -7.02315 -1.35165 1
210 3.37029 -4.6821 -1.35165 1
211 3.37029 -2.34105 -1.35165 1
212 3.37029 0 -1.35165 1
213 3.37029 2.34105 -1.35165 1
214 3.37029 4.6821 -1.35165 1
215 3.37029 7.02315 -1.35165 1
216 3.37029 9.3642 -1.35165 8
217 7.04371 -9.3642 -1.35165 9
218 7.04371 -7.02315 -1.35165 1
219 7.04371 -4.6821 -1.35165 1
220 7.04371 -2.34105 -1.35165 1
221 7.04371 0 -1.35165 1
222 7.04371 2.34105 -1.35165 1
223 7.04371 4.6821 -1.35165 1
224 7.04371 7.02315 -1.35165 1
225 7.04371 9.3642 -1.35165 8
226 10.7171 -9.3642 -1.35165 9
227 10.7171 -7.02315 -1.35165 1
228 10.7171 -4.6821 -1.35165 1
229 10.7171 -2.34105 -1.35165 1
230 10.7171 0 -1.35165 1
231 10.7171 2.34105 -1.35165 1
232 10.7171 4.6821 -1.35165 1
233 10.7171 7.02315 -1.35165 1
234 10.7171 9.3642 -1.35165 8
235 14.3906 -9.3642 -1.35165 18
236 14.3906 -7.02315 -1.35165 10
237 14.3906 -4.6821 -1.35165 10
238 14.3906 -2.34105 -1.35165 10
239 14.3906 0 -1.35165 10
240 14.3906 2.34105 -1.35165 10
241 14.3906 4.6821 -1.35165 10
242 14.3906 7.02315 -1.35165 10
243 14.3906 9.3642 -1.35165 19
244 -14.9968 -9.3642 0.025563 16
245 -14.9968 -7.02315 0.025563 11
246 -14.9968 -4.6821 0.025563 11
247 -14.9968 -2.34105 0.025563 11
248 -14.9968 0 0.025563 11
249 -14.9968 2.34105 0.025563 11
250 -14.9968 4.6821 0.025563 11
251 -14.9968 7.02315 0.025563 11
252 -14.9968 9.3642 0.025563 17
253 -11.3234 -9.3642 0.025563 9
254 -11.3234 -7.02315 0.025563 1
255 -11.3234 -4.6821 0.025563 1
256 -11.3234 -2.34105 0.025563 1
257 -11.3234 0 0.025563 1
258 -11.3234 2.34105 0.025563 1
259 -11.3234 4.6821 0.025563 1
260 -11.3234 7.02315 0.025563 1
261 -11.3234 9.3642 0.025563 8
262 -7.64998 -9.3642 0.025563 9
263 -7.64998 -7.02315 0.025563 1
264 -7.64998 -4.6821 0.025563 1
265 -7.64998 -2.34105 0.025563 1
266 -7.64998 0 0.025563 1
267 -7.64998 2.34105 0.025563 1
268 -7.64998 4.6821 0.025563 1
269 -7.64998 7.02315 0.025563 1
270 -7.64998 9.3642 0.025563 8
271 -3.97656 -9.3642 0.025563 9
272 -3.97656 -7.02315 0.025563 1
273 -3.97656 -4.6821 0.025563 1
274 -3.97656 -2.34105 0.025563 1
275 -3.97656 0 0.025563 0
276 -3.97656 2.34105 0.025563 1
277 -3.97656 4.6821 0.025563 1
278 -3.97656 7.02315 0.025563 1
279 -3.97656 9.3642 0.025563 8
280 -0.303135 -9.3642 0.025563 9
281 -0.303135 -7.02315 0.025563 1
282 -0.303135 -4.6821 0.025563 1
283 -0.303135 -2.34105 0.025563 1
284 -0.303135 0 0.025563 1
285 -0.303135 2.34105 0.025563 1
286 -0.303135 4.6821 0.025563 1
287 -0.303135 7.02315 0.025563 1
288 -0.303135 9.3642 0.025563 8
289 3.37029 -9.3642 0.025563 9
290 3.37029 -7.02315 0.025563 1
291 3.37029 -4.6821 0.025563 1
292 3.37029 -2.34105 0.025563 1
293 3.37029 0 0.025563 0
294 3.37029 2.34105 0.025563 1
295 3.37029 4.6821 0.025563 1
296 3.37029 7.02315 0.025563 1
297 3.37029 9.3642 0.025563 8
298 7.04371 -9.3642 0.025563 9
299 7.04371 -7.02315 0.025563 1
300 7.04371 -4.6821 0.025563 1
301 7.04371 -2.34105 0.025563 1
302 7.04371 0 0.025563 1
303 7.04371 2.34105 0.025563 1
304 7.04371 4.6821 0.025563 1
305 7.04371 7.02315 0.025563 1
306 7.04371 9.3642 0.025563 8
307 10.7171 -9.3642 0.025563 9
308 10.7171 -7.02315 0.025563 1
309 10.7171 -4.6821 0.025563 1
310 10.7171 -2.34105 0.025563 1
311 10.7171 0 0.025563 1
312 10.7171 2.34105 0.025563 1
313 10.7171 4.6821 0.025563 1
314 10.7171 7.02315 0.025563 1
315 10.7171 9.3642 0.025563 8
316 14.3906 -9.3642 0.025563 18
317 14.3906 -7.02315 0.025563 10
318 14.3906 -4.6821 0.025563 10
319 14.3906 -2.34105 0.025563 10
320 14.3906 0 0.025563 10
321 14.3906 2.34105 0.025563 10
322 14.3906 4.6821 0.025563 10
323 14.3906 7.02315 0.025563 10
324 14.3906 9.3642 0.025563 19
325 -14.9968 -9.3642 1.40278 16
326 -14.9968 -7.02315 1.40278 11
327 -14.9968 -4.6821 1.40278 11
328 -14.9968 -2.34105 1.40278 11
329 -14.9968 0 1.40278 11
330 -14.9968 2.34105 1.40278 11
331 -14.9968 4.6821 1.40278 11
332 -14.9968 7.02315 1.40278 11
333 -14.9968 9.3642 1.40278 17
334 -11.3234 -9.3642 1.40278 9
335 -11.3234 -7.02315 1.40278 1
336 -11.3234 -4.6821 1.40278 1
337 -11.3234 -2.34105 1.40278 1
338 -11.3234 0 1.40278 1
339 -11.3234 2.34105 1.40278 1
340 -11.3234 4.6821 1.40278 1
341 -11.3234 7.02315 1.40278 1
342 -11.3234 9.3642 1.40278 8
343 -7.64998 -9.3642 1.40278 9
344 -7.64998 -7.02315 1.40278 1
345 -7.64998 -4.6821 1.40278 1
346 -7.64998 -2.34105 1.40278 1
347 -7.64998 0 1.40278 1
348 -7.64998 2.34105 1.40278 1
349 -7.64998 4.6821 1.40278 1
350 -7.64998 7.02315 1.40278 1
351 -7.64998 9.3642 1.40278 8
352 -3.97656 -9.3642 1.40278 9
353 -3.97656 -7.02315 1.40278 1
354 -3.97656 -4.6821 1.40278 1
355 -3.97656 -2.34105 1.40278 1
356 -3.97656 0 1.40278 1
357 -3.97656 2.34105 1.40278 1
358 -3.97656 4.6821 1.40278 1
359 -3.97656 7.02315 1.40278 1
360 -3.97656 9.3642 1.40278 8
361 -0.303135 -9.3642 1.40278 9
362 -0.303135 -7.02315 1.40278 1
363 -0.303135 -4.6821 1.40278 1
364 -0.303135 -2.34105 1.40278 1
365 -0.303135 0 1.40278 1
366 -0.303135 2.34105 1.40278 1
367 -0.303135 4.6821 1.40278 1
368 -0.303135 7.02315 1.40278 1
369 -0.303135 9.3642 1.40278 8
370 3.37029 -9.3642 1.40278 9
371 3.37029 -7.02315 1.40278 1
372 3.37029 -4.6821 1.40278 1
373 3.37029 -2.34105 1.40278 1
374 3.37029 0 1.40278 0
375 3.37029 2.34105 1.40278 1
376 3.37029 4.6821 1.40278 1
377 3.37029 7.02315 1.40278 1
378 3.37029 9.3642 1.40278 8
379 7.04371 -9.3642 1.40278 9
380 7.04371 -7.02315 1.40278 1
381 7.04371 -4.6821 1.40278 1
382 7.04371 -2.34105 1.40278 1
383 7.04371 0 1.40278 1
384 7.04371 2.34105 1.40278 1
385 7.04371 4.6821 1.40278 1
386 7.04371 7.02315 1.40278 1
387 7.04371 9.3642 1.40278 8
388 10.7171 -9.3642 1.40278 9
389 10.7171 -7.02315 1.40278 1
390 10.7171 -4.6821 1.40278 1
391 10.7171 -2.34105 1.40278 1
392 10.7171 0 1.40278 1
393 10.7171 2.34105 1.40278 1
394 10.7171 4.6821 1.40278 1
395 10.7171 7.02315 1.40278 1
396 10.7171 9.3642 1.40278 8
397 14.3906 -9.3642 1.40278 18
398 14.3906 -7.02315 1.40278 10
399 14.3906 -4.6821 1.40278 10
400 14.3906 -2.34105 1.40278 10
401 14.3906 0 1.40278 10
402 14.3906 2.34105 1.40278 10
403 14.3906 4.6821 1.40278 10
404 14.3906 7.02315 1.40278 10
405 14.3906 9.3642 1.40278 19
406 -14.9968 -9.3642 2.77999 16
407 -14.9968 -7.02315 2.77999 11
408 -14.9968 -4.6821 2.77999 11
409 -14.9968 -2.34105 2.77999 11
410 -14.9968 0 2.77999 11
411 -14.9968 2.34105 2.77999 11
412 -14.9968 4.6821 2.77999 11
413 -14.9968 7.02315 2.77999 11
414 -14.9968 9.3642 2.77999 17
415 -11.3234 -9.3642 2.77999 9
416 -11.3234 -7.02315 2.77999 1
417 -11.3234 -4.6821 2.77999 1
418 -11.3234 -2.34105 2.77999 1
419 -11.3234 0 2.77999 1
420 -11.3234 2.34105 2.77999 1
421 -11.3234 4.6821 2.77999 1
422 -11.3234 7.02315 2.77999 1
423 -11.3234 9.3642 2.77999 8
424 -7.64998 -9.3642 2.77999 9
425 -7.64998 -7.02315 2.77999 1
426 -7.64998 -4.6821 2.77999 1
427 -7.64998 -2.34105 2.77999 1
428 -7.64998 0 2.77999 1
429 -7.64998 2.34105 2.77999 1
430 -7.64998 4.6821 2.77999 1
431 -7.64998 7.02315 2.77999 1
432 -7.64998 9.3642 2.77999 8
433 -3.97656 -9.3642 2.77999 9
434 -3.97656 -7.02315 2.77999 1
435 -3.97656 -4.6821 2.77999 1
436 -3.97656 -2.34105 2.77999 1
437 -3.97656 0 2.77999 1
438 -3.97656 2.34105 2.77999 1
439 -3.97656 4.6821 2.77999 1
440 -3.97656 7.02315 2.77999 1
441 -3.97656 9.3642 2.77999 8
442 -0.303135 -9.3642 2.77999 9
443 -0.303135 -7.02315 2.77999 1
444 -0.303135 -4.6821 2.77999 1
445 -0.303135 -2.34105 2.77999 1
446 -0.303135 0 2.77999 1
447 -0.303135 2.34105 2.77999 1
448 -0.303135 4.6821 2.77999 1
449 -0.303135 7.02315 2.77999 1
450 -0.303135 9.3642 2.77999 8
451 3.37029 -9.3642 2.77999 9
452 3.37029 -7.02315 2.77999 1
453 3.37029 -4.6821 2.77999 1
454 3.37029 -2.34105 2.77999 1
455 3.37029 0 2.77999 1
456 3.37029 2.34105 2.77999 1
457 3.37029 4.6821 2.77999 1
458 3.37029 7.02315 2.77999 1
459 3.37029 9.3642 2.77999 8
460 7.04371 -9.3642 2.77999 9
461 7.04371 -7.02315 2.77999 1
462 7.04371 -4.6821 2.77999 1
463 7.04371 -2.34105 2.77999 1
464 7.04371 0 2.77999 1
465 7.04371 2.34105 2.77999 1
466 7.04371 4.6821 2.77999 1
467 7.04371 7.02315 2.77999 1
468 7.04371 9.3642 2.77999 8
469 10.7171 -9.3642 2.77999 9
470 10.7171 -7.02315 2.77999 1
471 10.7171 -4.6821 2.77999 1
472 10.7171 -2.34105 2.77999 1
473 10.7171 0 2.77999 1
474 10.7171 2.34105 2.77999 1
475 10.7171 4.6821 2.77999 1
476 10.7171 7.02315 2.77999 1
477 10.7171 9.3642 2.77999 8
478 14.3906 -9.3642 2.77999 18
479 14.3906 -7.02315 2.77999 10
480 14.3906 -4.6821 2.77999 10
481 14.3906 -2.34105 2.77999 10
482 14.3906 0 2.77999 10
483 14.3906 2.34105 2.77999 10
484 14.3906 4.6821 2.77999 10
485 14.3906 7.02315 2.77999 10
486 14.3906 9.3642 2.77999 19
487 -14.9968 -9.3642 4.1572 16
488 -14.9968 -7.02315 4.1572 11
489 -14.9968 -4.6821 4.1572 11
490 -14.9968 -2.34105 4.1572 11
491 -14.9968 0 4.1572 11
492 -14.9968 2.34105 4.1572 11
493 -14.9968 4.6821 4.1572 11
494 -14.9968 7.02315 4.1572 11
495 -14.9968 9.3642 4.1572 17
496 -11.3234 -9.3642 4.1572 9
497 -11.3234 -7.02315 4.1572 1
498 -11.3234 -4.6821 4.1572 1
499 -11.3234 -2.34105 4.1572 1
500 -11.3234 0 4.1572 1
501 -11.3234 2.34105 4.1572 1
502 -11.3234 4.6821 4.1572 1
503 -11.3234 7.02315 4.1572 1
504 -11.3234 9.3642 4.1572 8
505 -7.64998 -9.3642 4.1572 9
506 -7.64998 -7.02315 4.1572 1
507 -7.64998 -4.6821 4.1572 1
508 -7.64998 -2.34105 4.1572 1
509 -7.64998 0 4.1572 1
510 -7.64998 2.34105 4.1572 1
511 -7.64998 4.6821 4.1572 1
512 -7.64998 7.02315 4.1572 1
513 -7.64998 9.3642 4.1572 8
514 -3.97656 -9.3642 4.1572 9
515 -3.97656 -7.02315 4.1572 1
516 -3.97656 -4.6821 4.1572 1
517 -3.97656 -2.34105 4.1572 1
518 -3.97656 0 4.1572 1
519 -3.97656 2.34105 4.1572 1
520 -3.97656 4.6821 4.1572 1
521 -3.97656 7.02315 4.1572 1
522 -3.97656 9.3642 4.1572 8
523 -0.303135 -9.3642 4.1572 9
524 -0.303135 -7.02315 4.1572 1
525 -0.303135 -4.6821 4.1572 1
526 -0.303135 -2.34105 4.1572 1
527 -0.303135 0 4.1572 1
528 -0.303135 2.34105 4.1572 1
529 -0.303135 4.6821 4.1572 1
530 -0.303135 7.02315 4.1572 1
531 -0.303135 9.3642 4.1572 8
532 3.37029 -9.3642 4.1572 9
533 3.37029 -7.02315 4.1572 1
534 3.37029 -4.6821 4.1572 1
535 3.37029 -2.34105 4.1572 1
536 3.37029 0 4.1572 1
537 3.37029 2.34105 4.1572 1
538 3.37029 4.6821 4.1572 1
539 3.37029 7.02315 4.1572 1
540 3.37029 9.3642 4.1572 8
541 7.04371 -9.3642 4.1572 9
542 7.04371 -7.02315 4.1572 1
543 7.04371 -4.6821 4.1572 1
544 7.04371 -2.34105 4.1572 1
545 7.04371 0 4.1572 4
546 7.04371 2.34105 4.1572 1
547 7.04371 4.6821 4.1572 1
548 7.04371 7.02315 4.1572 1
549 7.04371 9.3642 4.1572 8
550 10.7171 -9.3642 4.1572 9
551 10.7171 -7.02315 4.1572 1
552 10.7171 -4.6821 4.1572 1
553 10.7171 -2.34105 4.1572 1
554 10.7171 0 4.1572 1
555 10.7171 2.34105 4.1572 1
556 10.7171 4.6821 4.1572 1
557 10.7171 7.02315 4.1572 1
558 10.7171 9.3642 4.1572 8
559 14.3906 -9.3642 4.1572 18
560 14.3906 -7.02315 4.1572 10
561 14.3906 -4.6821 4.1572 10
562 14.3906 -2.34105 4.1572 10
563 14.3906 0 4.1572 10
564 14.3906 2.34105 4.1572 10
565 14.3906 4.6821 4.1572 10
566 14.3906 7.02315 4.1572 10
567 14.3906 9.3642 4.1572 19
568 -14.9968 -9.3642 5.53441 16
569 -14.9968 -7.02315 5.53441 11
570 -14.9968 -4.6821 5.53441 11
571 -14.9968 -2.34105 5.53441 11
572 -14.9968 0 5.53441 11
573 -14.9968 2.34105 5.53441 11
574 -14.9968 4.6821 5.53441 11
575 -14.9968 7.02315 5.53441 11
576 -14.9968 9.3642 5.53441 17
577 -11.3234 -9.3642 5.53441 9
578 -11.3234 -7.02315 5.53441 1
579 -11.3234 -4.6821 5.53441 1
580 -11.3234 -2.34105 5.53441 1
581 -11.3234 0 5.53441 1
582 -11.3234 2.34105 5.53441 1
583 -11.3234 4.6821 5.53441 1
584 -11.3234 7.02315 5.53441 1
585 -11.3234 9.3642 5.53441 8
586 -7.64998 -9.3642 5.53441 9
587 -7.64998 -7.02315 5.53441 1
588 -7.64998 -4.6821 5.53441 1
589 -7.64998 -2.34105 5.53441 1
590 -7.64998 0 5.53441 1
591 -7.64998 2.34105 5.53441 1
592 -7.64998 4.6821 5.53441 1
593 -7.64998 7.02315 5.53441 1
594 -7.64998 9.3642 5.53441 8
595 -3.97656 -9.3642 5.53441 9
596 -3.97656 -7.02315 5.53441 1
597 -3.97656 -4.6821 5.53441 1
598 -3.97656 -2.34105 5.53441 1
599 -3.97656 0 5.53441 1
600 -3.97656 2.34105 5.53441 1
601 -3.97656 4.6821 5.53441 1
602 -3.97656 7.02315 5.53441 1
603 -3.97656 9.3642 5.53441 8
604 -0.303135 -9.3642 5.53441 9
605 -0.303135 -7.02315 5.53441 1
606 -0.303135 -4.6821 5.53441 1
607 -0.303135 -2.34105 5.53441 1
608 -0.303135 0 5.53441 1
609 -0.303135 2.34105 5.53441 1
610 -0.303135 4.6821 5.53441 1
611 -0.303135 7.02315 5.53441 1
612 -0.303135 9.3642 5.53441 8
613 3.37029 -9.3642 5.53441 9
614 3.37029 -7.02315 5.53441 1
615 3.37029 -4.6821 5.53441 1
616 3.37029 -2.34105 5.53441 1
617 3.37029 0 5.53441 1
618 3.37029 2.34105 5.53441 1
619 3.37029 4.6821 5.53441 1
620 3.37029 7.02315 5.53441 1
621 3.37029 9.3642 5.53441 8
622 7.04371 -9.3642 5.53441 9
623 7.04371 -7.02315 5.53441 1
624 7.04371 -4.6821 5.53441 1
625 7.04371 -2.34105 5.53441 1
626 7.04371 0 5.53441 1
627 7.04371 2.34105 5.53441 1
628 7.04371 4.6821 5.53441 1
629 7.04371 7.02315 5.53441 1
630 7.04371 9.3642 5.53441 8
631 10.7171 -9.3642 5.53441 9
632 10.7171 -7.02315 5.53441 1
633 10.7171 -4.6821 5.53441 1
634 10.7171 -2.34105 5.53441 1
635 10.7171 0 5.53441 1
636 10.7171 2.34105 5.53441 1
637 10.7171 4.6821 5.53441 1
638 10.7171 7.02315 5.53441 1
639 10.7171 9.3642 5.53441 8
640 14.3906 -9.3642 5.53441 18
641 14.3906 -7.02315 5.53441 10
642 14.3906 -4.6821 5.53441 10
643 14.3906 -2.34105 5.53441 10
644 14.3906 0 5.53441 10
645 14.3906 2.34105 5.53441 10
646 14.3906 4.6821 5.53441 10
647 14.3906 7.02315 5.53441 10
648 14.3906 9.3642 5.53441 19
649 -14.9968 -9.3642 6.91162 28
650 -14.9968 -7.02315 6.91162 20
651 -14.9968 -4.6821 6.91162 20
652 -14.9968 -2.34105 6.91162 20
653 -14.9968 0 6.91162 20
654 -14.9968 2.34105 6.91162 20
655 -14.9968 4.6821 6.91162 20
656 -14.9968 7.02315 6.91162 20
657 -14.9968 9.3642 6.91162 29
658 -11.3234 -9.3642 6.91162 21
659 -11.3234 -7.02315 6.91162 6
660 -11.3234 -4.6821 6.91162 6
661 -11.3234 -2.34105 6.91162 6
662 -11.3234 0 6.91162 6
663 -11.3234 2.34105 6.91162 6
664 -11.3234 4.6821 6.91162 6
665 -11.3234 7.02315 6.91162 6
666 -11.3234 9.3642 6.91162 22
667 -7.64998 -9.3642 6.91162 21
668 -7.64998 -7.02315 6.91162 6
669 -7.64998 -4.6821 6.91162 6
670 -7.64998 -2.34105 6.91162 6
671 -7.64998 0 6.91162 6
672 -7.64998 2.34105 6.91162 6
673 -7.64998 4.6821 6.91162 6
674 -7.64998 7.02315 6.91162 6
675 -7.64998 9.3642 6.91162 22
676 -3.97656 -9.3642 6.91162 21
677 -3.97656 -7.02315 6.91162 6
678 -3.97656 -4.6821 6.91162 6
679 -3.97656 -2.34105 6.91162 6
680 -3.97656 0 6.91162 6
681 -3.97656 2.34105 6.91162 6
682 -3.97656 4.6821 6.91162 6
683 -3.97656 7.02315 6.91162 6
684 -3.97656 9.3642 6.91162 22
685 -0.303135 -9.3642 6.91162 21
686 -0.303135 -7.02315 6.91162 6
687 -0.303135 -4.6821 6.91162 6
688 -0.303135 -2.34105 6.91162 6
689 -0.303135 0 6.91162 6
690 -0.303135 2.34105 6.91162 6
691 -0.303135 4.6821 6.91162 6
692 -0.303135 7.02315 6.91162 6
693 -0.303135 9.3642 6.91162 22
694 3.37029 -9.3642 6.91162 21
695 3.37029 -7.02315 6.91162 6
696 3.37029 -4.6821 6.91162 6
697 3.37029 -2.34105 6.91162 6
698 3.37029 0 6.91162 6
699 3.37029 2.34105 6.91162 6
700 3.37029 4.6821 6.91162 6
701 3.37029 7.02315 6.91162 6
702 3.37029 9.3642 6.91162 22
703 7.04371 -9.3642 6.91162 21
704 7.04371 -7.02315 6.91162 6
705 7.04371 -4.6821 6.91162 6
706 7.04371 -2.34105 6.91162 6
707 7.04371 0 6.91162 6
708 7.04371 2.34105 6.91162 6
709 7.04371 4.6821 6.91162 6
710 7.04371 7.02315 6.91162 6
711 7.04371 9.3642 6.91162 22
712 10.7171 -9.3642 6.91162 21
713 10.7171 -7.02315 6.91162 6
714 10.7171 -4.6821 6.91162 6
715 10.7171 -2.34105 6.91162 6
716 10.7171 0 6.91162 6
717 10.7171 2.34105 6.91162 6
718 10.7171 4.6821 6.91162 6
719 10.7171 7.02315 6.91162 6
720 10.7171 9.3642 6.91162 22
721 14.3906 -9.3642 6.91162 30
722 14.3906 -7.02315 6.91162 23
723 14.3906 -4.6821 6.91162 23
724 14.3906 -2.34105 6.91162 23
725 14.3906 0 6.91162 23
726 14.3906 2.34105 6.91162 23
727 14.3906 4.6821 6.91162 23
728 14.3906 7.02315 6.91162 23
729 14.3906 9.3642 6.91162 31
730 -7.64998 0 -0.62 5
731 -3.97656 0 0.994681 5
732 -3.97656 0 -0.967597 5
733 -0.303135 0 -0.939703 5
734 -0.303135 0 0.939703 5
735 -0.303135 0 0.995666 5
736 -0.303135 0 -1.05238 5
737 3.37029 -2.34105 -0.897379 5
738 3.37029 -2.34105 -1.20382 5
739 3.37029 0 1.55668 5
740 3.37029 0 -1.33405 5
741 3.37029 2.34105 -0.891595 5
742 3.37029 2.34105 -1.20382 5
743 2.98325 0 -1.35165 5
744 0.994915 0 0.025563 5
745 -0.994915 0 0.025563 5
746 5.0211 0 0.025563 5
747 -6.71497 0 0.025563 5
748 -3.97656 1.04155 0.025563 5
749 -3.97656 -1.03593 0.025563 5
750 -0.303135 0.869353 0.025563 5
751 -0.303135 -0.869353 0.025563 5
752 -0.303135 1.0594 0.025563 5
753 -0.303135 -1.04931 0.025563 5
754 3.37029 -1.0824 0.025563 5
755 3.37029 1.08697 0.025563 5
756 3.21809 0 1.40278 5
757 5.33667 0 1.40278 5
758 3.37029 -0.0473452 1.40278 5
759 3.37029 0.0463757 1.40278 5
760 6.33397 0 2.77999 5
761 4.58005 0 2.77999 5
762 5.94202 0 4.1572 5
